a = [
2251
131
429
127
42
989
730
38
1768
63
42
162
62
1185
67
52
231
1288
963
170
43
945
1482
41
3222
2677
239
497
129
317
106
2151
1794
1354
2856
41
289
1379
263
295
42
778
446
44
993
84
1543
123
106
97
2156
1842
1041
228
40
5737
142
5107
48
565
7437
2125
145
397
120
1572
1235
4477
54
4670
1361
2342
1752
72
2305
388
47
3208
4223
37
406
5625
37
123
2868
786
46
53
2297
5267
39
412
2299
44
1452
1547
70
762
68
87
2214
374
66
1006
1101
79
71
154
2053
1848
1428
148
459
2072
7314
38
671
1719
49
1145
5164
73
1552
229
385
772
69
43
44
39
165
716
125
52
493
766
100
1462
248
2462
1349
6438
40
58
1927
2275
3835
54
210
44
2094
322
99
2237
164
3816
69
129
1743
1194
576
56
493
45
525
2506
110
290
686
131
1158
2233
422
283
3572
38
116
944
89
54
821
79
53
587
1746
1280
693
1307
1962
2113
64
2033
2808
973
5865
1100
93
1819
79
59
331
3785
906
1181
2329
951
1395
259
1283
43
105
186
184
2680
48
3815
1453
3536
5732
292
2468
273
3193
1144
1530
233
130
2385
153
133
3218
38
911
172
858
1204
301
3041
74
3076
80
39
5143
49
995
362
75
2193
2756
45
40
40
999
88
1297
359
331
4193
338
1323
171
4267
682
7198
48
910
128
378
213
1157
60
2088
488
456
1484
192
1112
1554
1599
209
89
200
67
2353
647
991
709
742
3005
636
2694
2282
1152
1031
47
1316
61
1079
37
1658
1779
238
2110
42
915
348
1131
960
3869
198
1021
1251
531
2406
2988
4476
446
69
3915
5294
5082
51
39
44
91
626
95
39
2171
1343
43
128
2410
3443
419
215
1182
2043
3052
700
3068
882
3647
76
237
48
935
2136
1108
4470
356
50
174
593
2987
1937
110
2429
2284
458
6143
2964
2179
2821
1785
607
164
208
293
3848
1469
390
1880
56
1339
3597
328
37
653
115
498
44
2033
42
39
71
291
894
1003
49
367
594
621
107
3193
1057
336
733
95
95
1659
839
60
562
37
1788
128
2034
787
84
699
47
53
43
2946
75
161
49
961
269
1602
117
39
2131
70
971
44
119
67
755
420
101
37
5003
40
37
230
1970
415
418
3504
47
345
163
630
1382
367
263
78
1455
3319
1235
720
497
342
2715
4309
253
293
59
108
1938
4412
520
67
347
89
44
46
124
3464
51
65
2578
131
1015
669
2652
67
682
60
3404
105
1955
66
277
54
724
37
3076
2479
1258
903
214
321
3067
663
416
2783
285
110
91
109
1046
678
2172
762
113
70
1852
1124
1066
270
95
38
2578
3751
41
763
81
760
1211
1951
98
3957
2483
55
45
58
1091
577
318
805
164
63
223
931
181
1044
1508
721
290
42
1925
662
3576
468
316
194
152
487
139
132
1873
38
702
149
507
110
966
40
91
40
86
63
48
1634
753
42
605
524
105
1673
68
3635
1175
293
151
197
73
37
69
119
38
37
1278
37
518
118
352
298
63
676
1840
45
38
851
57
1564
55
401
3459
1230
270
2475
1686
59
5313
113
62
40
485
2384
74
50
905
113
5995
2720
79
46
1464
146
763
2493
1787
270
1789
3643
132
11088
2481
2823
506
50
44
1463
71
110
2933
319
112
395
619
100
48
1321
48
43
1247
100
557
39
1320
1080
170
2399
97
3860
317
1143
2388
152
2962
73
1107
1506
111
3930
46
301
1124
39
3518
4801
97
1077
144
2373
214
780
2143
44
203
38
48
413
191
104
1995
48
1101
2706
282
46
65
51
217
48
130
1338
280
65
375
8239
64
112
61
50
39
2712
204
569
3322
3954
50
37
88
970
167
401
438
1662
37
846
43
1893
92
581
1831
843
2249
43
74
301
2683
2972
55
40
1109
70
495
232
2170
2063
43
1130
977
47
833
644
147
174
1932
3617
269
202
137
3043
319
2337
39
143
59
477
1574
72
1315
746
318
1354
67
47
184
67
298
1038
2189
270
2155
175
1689
301
2491
37
59
41
71
151
59
1467
1233
56
2866
45
165
423
41
75
4015
53
3793
1171
84
4177
43
161
212
56
1532
1667
90
1690
39
4507
110
88
3616
111
2261
1335
40
1956
522
3220
3018
95
1864
118
1635
37
52
1349
113
2333
2034
62
2012
1342
4550
60
59
53
401
60
1955
126
1110
191
624
120
173
156
58
1409
2560
89
91
209
51
47
716
979
51
1615
208
1350
55
42
271
3560
723
37
51
951
2374
41
75
40
39
129
1910
70
83
41
82
83
108
1036
496
158
55
134
39
105
1523
1348
145
104
1025
367
638
1045
99
41
107
556
2305
5960
86
153
2324
39
549
380
143
1858
1574
3926
41
1054
83
1241
1694
169
501
83
127
105
51
2029
41
146
1373
304
2323
1365
2557
1543
1041
55
2907
112
153
1587
43
197
183
1085
50
53
149
652
55
2208
430
182
250
1802
68
204
221
3586
610
2386
2289
770
1542
280
861
157
44
618
344
76
907
1261
172
1090
69
1364
295
2677
418
143
1017
2164
47
40
1382
42
137
1958
58
348
58
38
4217
182
2690
38
170
41
474
110
2824
39
58
1886
50
216
887
61
2543
2495
173
624
895
246
460
1662
218
113
85
541
1252
168
94
108
1442
72
3131
44
1082
49
45
129
48
2396
2281
108
665
106
2194
59
1789
52
1293
214
1399
1114
83
351
901
884
57
2388
52
43
76
1050
99
2392
1940
157
117
979
230
491
511
644
454
249
43
296
2489
232
1196
956
167
99
1270
146
5865
291
105
1313
665
1822
1506
44
2598
1205
163
265
106
443
382
72
465
37
1107
665
770
129
1552
2078
932
374
583
501
358
363
78
2622
42
50
705
1606
42
312
1715
174
1032
2261
857
1030
991
2533
39
2851
330
399
208
412
2820
1392
57
3833
38
4804
118
355
127
192
2563
229
274
214
1570
1371
112
2823
430
223
1237
1532
43
1823
144
1356
2030
50
37
568
84
538
3000
4727
297
891
4938
2085
381
159
417
129
474
1861
342
128
2906
74
85
229
535
656
73
42
1077
1916
56
87
1371
130
212
2261
2622
43
1145
424
590
87
3882
170
3693
824
1282
450
2856
1389
102
1568
40
351
1781
1839
3235
493
1607
1119
470
52
50
3910
3265
3838
1528
41
144
2358
312
53
1199
37
40
111
1939
1859
80
530
3775
1145
5373
1349
5195
341
70
1566
714
128
145
212
39
422
227
69
60
101
84
55
186
1253
2002
38
1116
262
719
1278
249
107
218
1076
285
40
201
2022
227
92
1635
1847
435
1353
808
55
299
1183
123
920
1709
209
926
258
66
559
978
2122
2343
78
667
240
999
2634
246
50
5739
49
192
127
2305
4870
64
40
1643
1846
1685
2203
2700
643
1643
2248
822
1949
70
584
1427
2067
74
1394
568
155
39
136
916
1168
1532
232
905
333
70
2228
1524
147
107
37
41
380
2782
581
229
936
1060
123
2776
126
3773
41
89
149
40
881
153
49
53
53
1510
1583
1233
625
1616
945
258
72
57
4001
2519
111
47
1324
199
3104
51
40
40
814
1976
37
113
38
2421
53
37
2089
970
79
1922
4327
1528
2135
128
1266
49
53
1912
1446
48
152
1389
3357
42
1081
6722
52
965
714
642
93
115
1747
38
631
2372
56
995
1814
1288
1022
1859
74
1453
1556
816
1080
126
3021
87
151
345
205
2203
38
55
293
856
38
459
191
1533
46
63
53
40
292
60
1744
95
1064
82
268
1569
98
183
47
2462
516
66
76
1455
39
169
1015
94
209
825
2907
3079
72
1143
1356
1084
441
2302
767
42
306
158
2390
37
4492
124
1605
1948
247
1481
2253
148
538
523
45
3272
46
55
4402
926
2604
343
498
4318
364
1666
4818
2942
283
38
37
193
164
292
919
1929
176
65
1620
416
151
1478
1612
116
298
1310
2421
2228
634
192
41
1601
111
279
383
335
74
66
52
1378
1440
136
608
1246
49
42
652
643
795
79
330
267
58
1539
92
80
181
48
856
1795
1270
40
1305
47
308
219
217
